image: ideapark.pgm
resolution: 0.281439995
origin: [-24.76671956, -37.7, 0.0]
negate: 0
occupied_thresh: 0.65
free_thresh: 0.196
